Blaze in a Toybox,clk,1:46,8,256,7590,Blaze_in_a_Toybox.mp3,sample3nofa.png,sample3nofa.png,sample3nofa.png,melotriSEn.wav,melotriSEm.wav,melotriSEf.wav,doremibackn.png,doremibackm.png,doremibackf.png,sample1board.png,sample1window.png
1000100010001000
1000100010001000
1000100010001000
1000100010001000
1000100010001000
1000100010001000
1000100010001000
1000100010001000
3000000000000000
1000100010000000
1010001000100010
1010001000101000
1010001000100010
1010001010000000
1010001000100010
1010001010100010
1010001000100010
1010101010101010
1010001000100010
1010001000101000
1010001000100010
1000001010010010
1010001000100010
1010001010100010
1010001010010010
1010101010101010
3010100100111010
5010101001010100
3010100100111010
1110111021021000
3010100100101010
5010101001010100
3010100100101010
5010101001001000
3000003000003000
0030000000300000
3000003000003000
0030000030000000
3000500030005000
3000500030005000
3050305030503050
1111111150000000
4000400020400000
4000400020400000
4000400020400000
3000000010000000
2010102010102010
2010102010102010
2010102010102010
2010102010101010
2010102010102010
2010102010102010
2010102010102010
2010102010102020
2010102010102010
2010102010102010
2010102010102010
1020202010101010
6010106010106010
6010106010106010
6050106050106050
1060600050505050
4020104020104020
1040201040201010
4020104020104020
1040201040201010
4020104020104020
1040201040201010
4020104020104020
1040201040201010
5020104020104020
1040201040201010
5020104020104020
1040201040201010
5020104020104020
3040201040201010
5020504060106020
5040601000000000
1110111011101110
1110111011101110
1110111011101110
0000300050006000
1110111011101110
1110111011101110
1110111011101110
0000600030005000
1030103010301030
1030103020002000
1050105010501050
1050105040004000
1010101010101010
1010101010101010
3110311031103110
3110311031111111
1000200010002000
1000200010002000
2000400020004000
2000400020004000
1000200010002000
1000200010002000
2000400020004000
2000400020004000
0000000000000000
0000000000000000
1111111111111111
3000000000000000