ƒhƒŒƒ~‚Ì‰Ì Remix,OrangeStar,1:46,4,125,7050,doremi.mp3,doreminona.png,doreminoma.png,doreminofa.png,doremiSEn.wav,doremiSEm.wav,doremiSEf.wav,doremibackn.png,doremibackm.png,doremibackf.png,doremiboard.png,doremiwindow.png
1001002010000000
3000001030000010
3000100030000000
3000001030201010
3000000000000000
3000001030000010
3000100030000000
3000001030202010
3000000000000000
3000001030201010
3000000000000000
3000002030102020
3000000000000000
3000001030201010
3000000000003010
3000100030002000
3000200010001000
1000200050000000
2000100060000000
1000200050000000
2000100060000000
3010100020101000
3020200010202000
3010100020101000
3020200010202000
3010100020101000
3020200040101000
3000000050000000
3000000020001000
5000001020000010
6000100020000000
5000001020201010
6000000000000000
5000001020000010
6000100020000000
5000001010202010
6000000000000000
6000002010201010
6000000000000000
5000001020102020
5000000000000000
6000002010201010
6000000000002010
5000200050002000
5000000000002010
3000000050000000
3000000060000000
3000000000000000
1000500050000000