ƒhƒŒƒ~‚Ì‰Ì Remix,OrangeStar,1:46,4,125,7050,doremi.mp3,doreminona.png,doreminoma.png,doreminofa.png,doremiSEn.wav,doremiSEm.wav,doremiSEf.wav,doremibackn.png,doremibackm.png,doremibackf.png,doremiboard.png,doremiwindow.png
1000000000201000
1000000020000000
1000200010000000
1000000020002000
1000000000000000
2000000010000000
2000100020000000
2000000010001000
2000000000000000
2000000010002000
2000000000000000
1000000020001000
2000000000000000
1000000020001000
4000000000001000
2000100020001000
2000100010001000
1000200040000000
2000100040000000
1000200040000000
2000100040000000
3000000020000000
3000000010000000
3000000020000000
3000000000000000
3000000020000000
3000000040000000
3000000030000000
3000000020001000
1000001020000010
2000100020000000
1000001020201010
2000000000000000
1000001020000010
2000100020000000
1000001010202010
2000000000000000
2000002010201010
2000000000000000
1000001020102020
1000000000000000
2000002010201010
2000000000002010
1000200010002000
1000000000002010
3000000010000000
3000000020000000
3000000000000000
1000300030000000