ƒhƒŒƒ~‚Ì‰Ì Remix,OrangeStar,1:46,4,125,7050,doremi.mp3,doreminona.png,doreminoma.png,doreminofa.png,doremiSEn.wav,doremiSEm.wav,doremiSEf.wav,doremibackn.png,doremibackm.png,doremibackf.png,doremiboard.png,doremiwindow.png
1000000000001000
1000000010000000
1000000020000000
1000000010001000
2000000000000000
1000000010000000
1000000020000000
1000000010001000
2000000000000000
1000000010001000
2000000010000000
1000000010001000
2000000010000000
1000000010001000
4000000000001000
2000000020000000
2000100010001000
1000000010000000
1000000010000000
2000000020000000
2000000020000000
1000000010000000
2000000020000000
1000000010000000
4000000000000000
1000000010000000
2000000020000000
1000000040000000
1000000000000000
1000000010000000
1000000020000000
1000000010001000
2000000000000000
1000000010000000
1000000020000000
1000000010001000
2000000000000000
1000000010001000
2000200020000000
1000000010001000
2000200020000000
1000000010001000
4000400040001000
2000000020000000
4000000000000000
2000000010000000
2000000040000000
1000000000000000
0000000010001000