ƒhƒŒƒ~‚Ì‰Ì Remix,OrangeStar,1:46,4,125,7050,doremi.mp3,doreminona.png,doreminoma.png,doreminofa.png,doremiSEn.wav,doremiSEm.wav,doremiSEf.wav,doremibackn.png,doremibackm.png,doremibackf.png,doremiboard.png,doremiwindow.png
1001002030201000
5000002050000020
5000600050002010
5000002050202010
5000000000002010
5000002050000010
6000500060001020
5000002050201020
6000200010102030
5000001060105020
5000000000000000
5000002060106010
6000000000000000
5000001060105020
5000000000004020
5000200060004000
5000200020002000
5000200030001000
5000100030002000
5000200030001000
5000100050006000
5020200060101000
3010100050404000
6010100030404000
5020200060101000
5020200060101000
3010100050404000
6000000060000000
5040404020203010
5000002050000020
5000600050002010
5000002050202010
5000000000002010
5000002050000010
6000500060001020
5000002050201020
6000200010102030
5000001060202010
5000000000000000
5000002060102020
6000000000000000
5000001060202010
5000000000004050
6000100030004000
5000000000002010
3000100050002000
3000200060001000
6040404020203010
1000500550000000