メロディライン☆トリップ,OrangeStar,1:20,4,144,7000,melotri.mp3,melotrinona.png,melotrinoma.png,melotrinofa.png,melotriSEn.wav,melotriSEm.wav,melotriSEf.wav,melotribackn.png,melotribackm.png,melotribackf.png,melotriboard.png,melotriwindow.png
1000100010001000
0000101020102010
2010202000000000
0000101020102010
2010402000101020
0020101000101020
2020101000101020
3002001000000000
1000100010020010
0000101030103010
3010303000000000
0000101030103010
3010503000101020
0030101000101020
3020101000101020
3002001000000000
1000100010060010
0020101000102000
3020101000102030
1002001020101020
1010201000101020
5000004000004000
0040000040105010
5000004000004000
0040000040405000
1010100010102010
4000005000000000
1010101010001010
2020101000002000
2020101000001000
1020101000101020
3000002010000000
0000000000000000
1010100010103010
5000006000000000
1010101010001010
3030201000002000
3020101000001000
1020303000102030
5000205000200050
0010101020203010
4000004000004000
0040000040004000
6000111110000000
0000000000000000