メロディライン☆トリップ,OrangeStar,1:20,4,144,7000,melotri.mp3,melotrinona.png,melotrinoma.png,melotrinofa.png,melotriSEn.wav,melotriSEm.wav,melotriSEf.wav,melotribackn.png,melotribackm.png,melotribackf.png,melotriboard.png,melotriwindow.png
1000100010001000
0000100020002000
2000202000000000
0000100020002000
2000102000101020
0020101000101020
2020101000101020
1002001000000000
1000100010020010
0000101020102010
2010202000000000
0000101020102010
2010402000101020
0020101000101020
2020101000101020
2001001000000000
1000100010040010
0020101000102000
2020101000102020
1001001020101020
1010201000101020
4000004000004000
0040000040102010
5000004000004000
0040000020202000
1010100010102010
4000005000000000
1010101010001010
2020101000002000
2020101000001000
1020101000101020
3000002010000000
0000000000000000
1010100010102010
4000004000000000
1010101010001010
2020101000002000
2020101000001000
1020101000102020
4000204000200040
0010101020201010
4000004000004000
0040000040004000
6000101010000000
0000000000000000