メロディライン☆トリップ,OrangeStar,1:20,4,144,7000,melotri.mp3,melotrinona.png,melotrinoma.png,melotrinofa.png,melotriSEn.wav,melotriSEm.wav,melotriSEf.wav,melotribackn.png,melotribackm.png,melotribackf.png,melotriboard.png,melotriwindow.png
1000100010001000
0000100000001000
0000100000002000
0000100000001000
0000200000001000
0000100000001000
1000200000002000
2000100010000000
2000200020002000
0000200000002000
0000200000004000
0000200000002000
0000400000002000
0000200000002000
1000200000002000
1000200020000000
4000400040004000
0000100010002000
0000200020004000
2000000010000000
1000100000001000
0000100010001000
0000100020002000
0000100010001000
0000100040004000
1000100010001000
2000000020000000
1000100010001000
2000100000002000
1000100000002000
2000200000001000
1000000020000000
0000000000000000
1000100010002000
2000000020000000
1000100010001000
2000100000002000
4000200000002000
1000200000001000
2000000020001000
1000100020002000
1000100010001000
2000200010002000
1000100010000000
0000000000000000