メロディライン☆トリップ,OrangeStar,1:20,4,144,7000,melotri.mp3,melotrinona.png,melotrinoma.png,melotrinofa.png,melotriSEn.wav,melotriSEm.wav,melotriSEf.wav,melotribackn.png,melotribackm.png,melotribackf.png,melotriboard.png,melotriwindow.png
1000100010001000
0000101030103010
3010303000000000
0000101030103010
3010503000101020
0030101000101020
3020101000101020
3002001000000000
1000100010060010
4000101030103050
3010303000000000
4000101030103050
3010503000101020
4030101040101020
5020101040101020
3002001000000000
1000100010060010
4020101000102000
5020101000102030
5002001060101060
1010201000101020
5010105010105010
1050101050105010
5020205020205020
2050202040405000
1010100010103010
5000006000000000
1010101010001010
3020101000002000
2060202000001000
2030202000102030
3000002010000000
0000000000000000
1010100010103010
5000006000000000
1010101010001010
3030201000002000
2060202000001000
2030202000102030
5000305000300050
0010101020203010
4012104012104012
1040121040125010
3000111110000000
0000000000000000