メロディライン☆トリップ,OrangeStar,1:20,4,144,7000,melotri.mp3,melotrinona.png,melotrinoma.png,melotrinofa.png,melotriSEn.wav,melotriSEm.wav,melotriSEf.wav,melotribackn.png,melotribackm.png,melotribackf.png,melotriboard.png,melotriwindow.png
1000100010001000
0000100020002000
2000200000000000
0000100020002000
2000100000001000
0000200000001000
0000200000001000
1001001000000000
1000100010010010
0000100020002000
2000202000000000
0000100020002000
2000101000001000
0000200000001000
0000200000001000
1001001000000000
1000100010020010
0000200000001000
2000100000002000
1001001010002000
1000200000101010
4000004000004000
0040000040004000
4000004000004000
0040000020202000
1000100010002000
4000004000000000
1000100010001000
1000202000002000
2000101000001000
1000202000001000
2000001010000000
0000000000000000
1000100010001000
4000004000000000
1000100010001000
2000101000002000
2000101000001000
1000202000002000
4000202000200040
0000100020001000
4000004000004000
0040000040004000
6000101010000000
0000000000000000