Ice of Voices,clk,1:52,4,200,7020,Ice of Voices.mp3,icenona.png,icenoma.png,icenofa.png,iceSEn.wav,iceSEm.wav,iceSEf.wav,icebackn.png,icebackm.png,icebackf.png,iceboard.png,icewindow.png
1000101000002000
2000202000001000
1000100020002000
3000000000000000
0000000000000000
4000004000000000
0000000000000000
4000004000004000
0000000000000000
4000004000000000
0000000000000000
4000004000004000
0000000000000000
4000004000001000
0010000010001000
4000004000004000
0020000020002000
4000004000002000
0020000020002000
4000004000004000
0010000010002000
4000004000001000
0010000020002000
4000004000004000
0020000010001000
4000004000002000
0020000010001000
4000004000004000
0010000020002000
4000004000004000
2000201000000000
1000100010001000
1010101010002020
1000200000004000
4000400000202000
2000400000004000
4000400000202000
1000200000004000
4000400000202000
1000200000200200
1000000000000000
1000200000004000
4000200000201000
2000400000004000
4000400000201000
1000200000004000
4000200000201000
1000400000002000
4000201000002000
1000200000004000
4000200000201000
1000002020202020
2000000000100100
2000000000101020
2000004000002000
1010100000000000
0000000000000000
1000200000004000
4000200000201000
1000002000004000
2000000000001000
2000400000004000
4000200000402000
1010101020202020
1000000030000000
4000004000004000
1000100020002000
4000004000400040
0040200000001000
2020200010002000
4000400020002000
1000200040020010
4000200010002000
1000201000002000
2000200040002000
1000400020004000
1000100030003000
1000200020001000
1000200040001000
2000400040002000
1000200020001000
1000200000004000
2000100000201000
2000000000201000
1000000010000000
1000000000102000
4000200010002000
1000000000000000
0000000000000000