Ice of Voices,clk,1:52,4,200,7020,Ice of Voices.mp3,icenona.png,icenoma.png,icenofa.png,iceSEn.wav,iceSEm.wav,iceSEf.wav,icebackn.png,icebackm.png,icebackf.png,iceboard.png,icewindow.png
1000100000002000
2000200000001000
1000100020002000
3000000000000000
0000000000000000
4000004000000000
0000000000000000
4000004000004000
0000000000000000
4000004000000000
0000000000000000
4000004000004000
0000000000000000
4000004000004000
0000100010000000
4000004000004000
0000200020000000
4000004000004000
0000100020000000
4000004000004000
0000200010000000
4000004000004000
0000100010001000
4000004000004000
0000200020002000
4000004000004000
0000100010002000
4000004000004000
0000200020001000
4000004000004000
0000200010000000
1000000010000000
1000100020001000
1000100000002000
2000200000001000
1000200000002000
2000200000001000
1000100000002000
2000100000001000
1000200000002000
1000000000000000
1000100000002000
2000200000001000
1000200000002000
2000200000002000
1000100000002000
2000100000001000
1000200000002000
2000100000001000
1000100000002000
2000100000001000
2000000020002000
2000000020001000
2000000000001000
2000004000002000
1000000000000000
0000000000000000
1000100000002000
2000200000001000
1000002000002000
2000100000002000
2000400000004000
4000200000002000
1000100020002000
1000000020000000
1000001000001000
1000100020002000
2000000020002000
2000000000001000
1000100010000000
2000200010001000
1000200020000000
2000200010002000
1000001000001000
1000100020002000
1000200020001000
1000100020002000
1000000020002000
2000100010001000
2000100000001000
1000000020001000
1000200000004000
2000200000001000
2000000000002000
1000000010000000
1000000000002000
4000200010002000
1000000000000000
0000000000000000