Ice of Voices,clk,1:52,4,200,7020,Ice of Voices.mp3,icenona.png,icenoma.png,icenofa.png,iceSEn.wav,iceSEm.wav,iceSEf.wav,icebackn.png,icebackm.png,icebackf.png,iceboard.png,icewindow.png
1010202000004000
2020402000201010
1010204020402010
3000000000000000
0000000000002121
4000004000000000
0000000000000000
4000004000004000
0000000000000000
6000005000000000
0000000000000000
6000005000005000
0000000000000000
6000005000001000
0010102010201020
6000005000005000
0020201020102010
6000005000001000
0010102010201020
6000005000005000
0020201020102020
6000005000001000
0010104020102040
6000005000005000
0040201020402010
6000005000001000
0010104020102040
6000005000005000
0040201020402010
1010204000004000
4000201000000000
1000100010001000
1010101030002010
1010202000004000
4000202000202010
2020404000400040
0020200010100010
1010202000004000
4000202000202010
1010204000400100
2000000000000000
1010204000004000
4000201000402010
1020404000200040
0020100040200010
1010204000004000
4000201000402010
1020401000002000
4040201000001000
1010202000004000
4000202000202010
2000002121212121
2000000000400100
2000000000101020
4000001000002000
2010100000000000
0000000000000000
1020204000004000
4000202000402010
1000002000004000
4020100000002000
2020404000004000
4000202000402020
1010101020202020
5000000060000000
4002104002104002
1010202010104040
5000106000600060
0020101000001000
2020100010102020
6000300050003000
1010202040020010
4021402140005000
1000201000201010
1010202040402010
2010101020204040
3000500060003000
1000200020101010
2010204040204010
1000200040202010
1000402020402010
1010204000004000
2040201000201010
2000000000201010
1000000010000000
1000000000204040
4000200010002000
1000000000000000
0000000000000000
