Ice of Voices,clk,1:52,4,200,7020,Ice of Voices.mp3,icenona.png,icenoma.png,icenofa.png,iceSEn.wav,iceSEm.wav,iceSEf.wav,icebackn.png,icebackm.png,icebackf.png,iceboard.png,icewindow.png
1000000000000000
1000000000000000
1000000000000000
2000000000000000
0000000000000000
4000000000000000
0000000000000000
4000000000000000
0000000000000000
4000000000000000
0000000000000000
4000000000000000
0000000000000000
4000000000000000
1000000000000000
4000000000000000
2000000000000000
4000000000000000
2000000000000000
4000000000000000
1000000000000000
4000000000000000
1000000010000000
4000000000000000
2000000020000000
4000000000000000
2000000020000000
4000000000000000
1000000010000000
4000000000000000
4000000000000000
1000000010000000
1000000020000000
2000000000000000
4000000000000000
2000000000000000
1000000000000000
2000000000000000
1000000000000000
2000000000000000
4000000000000000
1000000010000000
2000000020000000
4000000040000000
2000000010000000
1000000010000000
2000000020000000
1000000020000000
1000000010000000
1000000000000000
4000000000000000
4000000000000000
4000000000000000
2000000000000000
2000000000000000
1000000000000000
0000000000000000
1000000010000000
4000000040000000
2000000020000000
2000000040000000
2000000020000000
2000000010000000
2000000040000000
1000000020000000
1000000010000000
2000000020000000
4000000040000000
4000000020000000
2000000020000000
1000000010000000
1000000020000000
2000000010000000
1000000010000000
1000000020000000
1000000020000000
1000100010001000
2000000020000000
2000000040000000
1000000020000000
1000000010000000
1000000000000000
4000000000000000
2000000000000000
1000000000000000
1000000000000000
2000000020000000
1000000000000000
0000000000000000