TRIDENT,OrangeStar,1:32,4,200,10230,TRIDENT.mp3,trinona.png,trinoma.png,trinofa.png,triSEn.wav,triSEm.wav,triSEf.wav,tribackn.png,tribackm.png,tribackf.png,triboard.png,triwindow.png
1000200010101000
1001001000102010
1002001000102010
1001001000102010
5000002000001000
1001001000102010
1002001000201020
2002001000102010
5000200010202010
1002001000102010
2001001000201020
1002002000102010
5000002000001000
1001002000102010
1002002000201020
1001002001002010
5002001020101000
4000100020001040
0000000000000000
4000200010002040
0000000000000000
5000002000101000
1000200010002000
1010202010102020
1020102010201020
4000000010100040
0000200020002000
2000400000100000
4000000020001000
4000000010100040
0000200020002000
1000400040001000
4000004000000000
4000100010001040
2000200020002000
1000400010001000
4000200020002000
4000100010001040
2000200020002000
1000400040001000
4000200020002000
2020202000101010
2020201000001010
2010101000101020
3000000000000000
1000100010201000
1001001000102010
1002001000102010
1001001000102010
5000002000001000
1001001000102010
1002001000201020
2002001000102010
5000200010202010
1002001000102010
2001001000201020
1002002000102010
5000002000001000
1001002000102010
1002002000201020
1001002001002010
5002001020101000
5010202010102010
6000201020201011
1000000000000000
5000000000000000
0000000000000000
0000000000000000