TRIDENT,OrangeStar,1:32,4,200,10230,TRIDENT.mp3,trinona.png,trinoma.png,trinofa.png,triSEn.wav,triSEm.wav,triSEf.wav,tribackn.png,tribackm.png,tribackf.png,triboard.png,triwindow.png
1000000010000000
1000000000000000
1000000000000000
1000000000000000
2000000000000000
1000000000000000
1000000000000000
1000000000000000
1000000000000000
1000000000000000
1000000000000000
1000000000000000
2000000000000000
1000000000000000
1000000000000000
2000000000000000
2000000000000000
2000000000000000
1000000000000000
1000000000000000
2000000000000000
1000000000000000
1000000000000000
2000000000000000
4000000000000000
4000000000000000
2000000000000000
2000000000000000
4000000000000000
4000000000000000
2000000000000000
1000000000000000
4000000000000000
4000000000000000
2000000000000000
2000000000000000
4000000000000000
4000000000000000
2000000000000000
1000000000000000
2000000000000000
4000000000000000
2000000000000000
1000000010000000
1000000000000000
0000000000000000
1000000010000000
2000000020000000
1000000010000000
1000000010000000
1000000010000000
2000000020000000
2000000020000000
1000000010000000
1000000010000000
2000000020000000
1000000010000000
1000000010000000
1000000010000000
2000000020000000
2000000020000000
2000000020000000
1000000020000000
1000000020000000
0000000000000000
3000000000000000
0000000000000000
0000000000000000