TRIDENT,OrangeStar,1:32,4,200,10230,TRIDENT.mp3,trinona.png,trinoma.png,trinofa.png,triSEn.wav,triSEm.wav,triSEf.wav,tribackn.png,tribackm.png,tribackf.png,triboard.png,triwindow.png
1000200010101000
1001001000102010
1001001000102010
1001001000102010
1000002000001000
1001001000102010
1001001000102010
1001001000102010
1000200010202010
1002001000102010
1002001000102010
1002001000102010
1000002000001000
1002001000102010
1002001000102010
1002001001002010
1002001020101000
4000100020000040
0000000000000000
4000200010000040
0000000000000000
5000001000100000
1000100020002000
1010101020202020
1010101020202020
4000000010000040
0000000020002000
0000400000001000
4000000020001000
4000000010000040
0000000020002000
0000400040001000
4000004000000000
4000000010000040
0000200020002000
0000400010001000
4000200020002000
4000100010000040
0000200020002000
0000400040001000
4000200020002000
2020202000101010
2020202000001010
2020202000101020
3000000000000000
1000100010201000
1001001000102010
1002001000102010
1001001000102010
5000002000001000
1001001000102010
1002001000102010
2002001000102010
5000200010202010
1002001000102010
2001001000102010
1002002000102010
5000002000001000
1001002000102010
1002002000102010
1001002000102010
2002001000102010
5010101010101010
6000202020202020
0000000000000000
6000000000000000
0000000000000000
0000000000000000