TRIDENT,OrangeStar,1:32,4,200,10230,TRIDENT.mp3,trinona.png,trinoma.png,trinofa.png,triSEn.wav,triSEm.wav,triSEf.wav,tribackn.png,tribackm.png,tribackf.png,triboard.png,triwindow.png
1000000010002000
1000200010001000
1000200020002000
1000200010002000
1000100010000000
1000200010001000
1000200020002000
1000200020002000
1000100010002020
1000200010001000
2000200020002000
1000200010002000
1000100020000000
1000200010001000
1000200020002000
2000200010002020
1000100020002000
1000200010002010
0000000000000000
2000100020001020
0000000000000000
1000001000101000
2000100020001000
2000200010001000
1000200010002000
2000000000000010
0000000000000000
0000100000000000
2000000000000000
2000000000000010
0000000000000000
0000100020000000
2000001000000000
4000000000000020
0000000000000000
0000100000000000
2000000000000000
4000000000000020
0000000000000000
0000100040000000
4000000020000000
1000100000102020
1000100000002020
2000100000202000
3000000000000000
1000100010201000
1000200010001000
1000200020002000
1000200010002000
1000100010000000
1000200010001000
1000200020002000
1000200020002000
1000100010002020
1000200010001000
2000200020002000
1000200010002000
1000100020000000
1000200010001000
1000200020002000
2000200010002000
1000100020002000
1000100020002000
1010101020202020
0000000000000000
3000000000000000
0000000000000000
0000000000000000