TRIDENT,OrangeStar,1:32,4,200,10230,TRIDENT.mp3,trinona.png,trinoma.png,trinofa.png,triSEn.wav,triSEm.wav,triSEf.wav,tribackn.png,tribackm.png,tribackf.png,triboard.png,triwindow.png
1000000010000000
1000000010000000
1000000020000000
1000000020000000
2000000010000000
1000000010000000
1000000020000000
1000000020000000
1000000010000000
1000000010000000
2000000020000000
1000000020000000
2000000010000000
1000000010000000
1000000020000000
2000000040000000
2000000010000000
0000100000001000
0000000000000000
0000100000002000
0000000000000000
1000000010000000
2000000020000000
2000000010000000
1000000020000000
2000000000000020
0000000000000000
0000200000000000
2000000000000000
2000000000000020
0000000000000000
0000200020000000
2000002000000000
4000000000000020
0000000000000000
0000200000000000
4000000000000000
4000000000000020
0000000000000000
0000200020000000
4000000020000000
1000000010000000
2000000020000000
2000000010000000
1000000000000000
0000000000000000
1000000010001000
1000000020002000
1000000010001000
1000000010001000
1000000010002000
1000000020001000
1000000020001000
1000000010002000
1000000010001000
2000000020002000
1000000010001000
1000000020002000
1000000010002000
2000000020001000
2000000010002000
1000000020001000
1000100010001000
2000200020002000
0000000000000000
3000000000000000
0000000000000000
0000000000000000