Platinum WhiteRain,uynet,1:21,4,160,6020,Platinum WhiteRain.mp3,PWRnona.png,PWRnoma.png,PWRnofa.png,PWRSEn.wav,PWRSEm.wav,PWRSEf.wav,PWRbackn.png,PWRbackm.png,PWRbackf.png,PWRboard.png,PWRwindow.png
1001001010010010
2001001020002000
1000100100102000
1000100100202000
1000200100101000
1000200100102010
5000400040004000
6000400040004000
5000000010020010
3000000050006000
1000100100102010
1000200100202000
1000100200201020
3000000020020010
5000400050004000
6000400060004000
5000000030020010
5000000010020010
1000200010100000
1000200020001000
1000200010100000
1000100010001000
1000200010100000
1010201020201010
1000200010100000
1010102010102010
5000200010100000
5010201020201010
5000200010100000
5010102010102010
5000200010100000
5010201020201010
5000200030100030
0010201020001000
1000000010000000
2000000020000000
2000000000001000
3000000010002000
5000000010000000
6000000020001000
6000000040001000
6000500050006000
5000000010000000
6000000020020010
5000000010020020
6000000010002000
5000000030020010
6000000030010020
1000100050005000
3000300060006000
3000000000000000
0000000000000000