Platinum WhiteRain,uynet,1:21,4,160,6020,Platinum WhiteRain.mp3,PWRnona.png,PWRnoma.png,PWRnofa.png,PWRSEn.wav,PWRSEm.wav,PWRSEf.wav,PWRbackn.png,PWRbackm.png,PWRbackf.png,PWRboard.png,PWRwindow.png
1001001010010010
3001201030005000
1000200100102020
1000200100102000
1000200100202020
1000200100102011
5000400060014010
5000400060014010
5000000010020010
1212121250003000
1020102101201020
1020106101201000
1020102101203030
5000201050030030
5000400060014010
5000402150014020
5000001210010020
5000001250030050
5000200010100000
5010201030201010
5000200010100000
5010102030102010
5000200010100000
5010201021201010
5000200010100000
5010102012102010
5000200010100000
5010201061205010
5000200050100000
5010102052102010
5000200010100000
5010201061205010
5000200050100030
0010201050212010
1000000010000000
2000000020000000
2000000000201010
3000000010002000
5000000050000000
6000000060010010
6000400040005000
6040504050406040
5000000010000000
6000000020020010
5000000010020010
6000000030005000
5000000030020010
6000000030010020
1001001050050050
3003003060060060
5000000000000000
0000000000000000