Platinum WhiteRain,uynet,1:21,4,160,6020,Platinum WhiteRain.mp3,PWRnona.png,PWRnoma.png,PWRnofa.png,PWRSEn.wav,PWRSEm.wav,PWRSEf.wav,PWRbackn.png,PWRbackm.png,PWRbackf.png,PWRboard.png,PWRwindow.png
1000000010000000
1000000020000000
1000000010000000
1000000020000000
1000000010000000
1000000020000000
4000000040000000
4000000040000000
1000000020000000
2000000000000000
1000000020000000
1000000020000000
1000000020002000
2000000010001000
1000000010000000
2000000020000000
1000000020000000
2000000010001000
1000000010000000
1000000020000000
1000000010000000
2000000010000000
1000000010000000
1000000020000000
1000000010000000
2000000010000000
1000100010000000
2000200020000000
2000100010000000
1000100020000000
1000200010000000
2000200010000000
2000100010000000
0000100010001000
1000000010000000
2000000020000000
2000000000000000
1000000010002000
4000000010000000
4000000010000000
2000000020001000
2000000010002000
1000000010000000
2000000020002000
1000000010001000
2000000010002000
1000000020002000
2000000010002000
1000100020002000
1000200010002000
3000000000000000
0000000000000000