Platinum WhiteRain,uynet,1:21,4,160,6020,Platinum WhiteRain.mp3,PWRnona.png,PWRnoma.png,PWRnofa.png,PWRSEn.wav,PWRSEm.wav,PWRSEf.wav,PWRbackn.png,PWRbackm.png,PWRbackf.png,PWRboard.png,PWRwindow.png
3000000010001000
1000100020002000
3000100010002000
3000100020002000
3000200010002000
3000100020001000
4000000040000000
4000000040004000
5000000010002000
1000000020002000
3000100010002000
3000100020002000
3000200010001000
3000000020002000
1000200010002000
2000100020002000
1000000020002000
1000000020001000
1000200030000000
1000200020001000
1000200030000000
1000100020001000
1000200030000000
1000200020001000
1000200030000000
1000100020002000
1000200030000000
2000100020001000
1000200030000000
2000100010002000
1000200030000000
2000100020001000
1000200030100020
0000200020001000
1000000010000000
2000000040000000
2000000000000000
1000000010002000
4000000010000000
4000000020001000
2000000020001000
2000100010002000
3000000010000000
3000000040002000
3000000010001000
3000000010002000
3000000020002000
3000000010002000
1000100020002000
1000200030003000
3000000000000000
0000000000000000