‚Ç‚è‚¢‚Þ‚Æ‚ê‚¢‚ñ,crotkaz,1:39,4,138,7010,dream.mp3,dreamnona.png,dreamnoma.png,dreamnofa.png,dreamtrainSEn.wav,dreamtrainSEm.wav,dreamtrainSEf.wav,dreambackn.png,dreambackm.png,dreambackf.png,dreamboard.png,dreamwindow.png
1000000020000000
1000000040000000
2000000010000000
2000200010001000
1000001000000010
0000000010001000
1000100010001000
1000200010000000
1000100010001000
2000400020000000
1000100010001000
1000200010000000
1000200010002000
4000000000000000
1000100010001000
1000200010000000
1000100010001000
4000200010000000
1000100010001000
1000200010000000
1000200010002000
4000000010100010
0000000000000000
0000200020002020
0000000000000000
0000000010100010
0000000000000000
0000200020002010
0000000000000000
0000000000000000
1000200010002000
1000200040000000
1000200010002000
4000200010000000
1000000020002000
2000000010001000
1000001000100020
0000000000000000
1000200010002000
1000200040000000
1000200010002000
3000200010001000
1000000000101010
1000000020000000
2000000000202020
2000100020001000
1000000000101010
1000000020000000
2000002000000000
2000200010001000
3000100010001000
2000100010001000
2000100010001030
0000000000000000