‚Ç‚è‚¢‚Þ‚Æ‚ê‚¢‚ñ,crotkaz,1:39,4,138,7010,dream.mp3,dreamnona.png,dreamnoma.png,dreamnofa.png,dreamtrainSEn.wav,dreamtrainSEm.wav,dreamtrainSEf.wav,dreambackn.png,dreambackm.png,dreambackf.png,dreamboard.png,dreamwindow.png
3000201000100020
0010102000000000
3000201000200040
0040202000000000
6020206000101050
0020200000000000
3010101010101010
1010302000000000
3010101010101010
2010302000000000
3010101010101010
1010302000000000
2010103000400050
0000000000000000
3010101010101010
1010302000000000
3010101010101030
0030102000000000
3010101010101010
1010302000000000
3010103000400060
0000000010200060
0000000000000000
0010101010103020
0000000000000000
0000000010200060
0000000000000000
0010101010102060
0000000000000000
0000000000000000
3000201000100020
0010102000000000
3000201000200030
0010203000000000
1000101010103010
2000202020203020
5010102000300050
0000000000000000
5000201000100020
0010203000000000
5000201000300020
0020103000000000
6000000000102020
6000000010000000
6000000000102020
1000500020006000
6000000000102020
6000000010000000
6000001000000000
6000200050001000
5000200010002000
5000200010002000
5000600050006030
0000000000000000