‚Ç‚è‚¢‚Þ‚Æ‚ê‚¢‚ñ,crotkaz,1:39,4,138,7010,dream.mp3,dreamnona.png,dreamnoma.png,dreamnofa.png,dreamtrainSEn.wav,dreamtrainSEm.wav,dreamtrainSEf.wav,dreambackn.png,dreambackm.png,dreambackf.png,dreamboard.png,dreamwindow.png
1000000000000000
1000000000000000
2000000000000000
2000000000000000
1000000010000000
2000000000000000
1000000010000000
1000000010000000
2000000020000000
4000000040000000
1000000010000000
2000000020000000
4000000040000000
2000000000000000
1000000020000000
1000000020000000
1000000020000000
2000000010000000
1000000010000000
2000000010000000
1000000020000000
1000000010001000
1000000000000000
0000000020002000
2000000000000000
0000000010001000
1000000000000000
0000000010002000
1000000000000000
0000000000000000
1000000020000000
1000000020000000
2000000010000000
1000000020000000
1000000020002000
2000000010001000
1000000010002000
2000000000000000
1000000020000000
1000000020000000
2000000010000000
1000000040000000
1000000000001000
1000000020000000
2000000000002000
2000000010000000
1000000000001000
1000000020000000
2000000010000000
2000200010001000
1000000000000000
1000000010000000
1000100010001000
2000000000000000