‚Ç‚è‚¢‚Þ‚Æ‚ê‚¢‚ñ,crotkaz,1:39,4,138,7010,dream.mp3,dreamnona.png,dreamnoma.png,dreamnofa.png,dreamtrainSEn.wav,dreamtrainSEm.wav,dreamtrainSEf.wav,dreambackn.png,dreambackm.png,dreambackf.png,dreamboard.png,dreamwindow.png
1000201000100020
0010102000000000
1000201000200040
0040202000000000
4020204000202040
0020200000000000
2010101010101010
1010201000000000
2010101010101010
2010202000000000
2010101010101010
1010201000000000
2010102000100020
0000000000000000
2010101010101010
1010201000000000
2010101010101020
0020102000000000
2010101010101010
1010201000000000
2010102000400020
0000000010200020
0000000000000000
0010101010102010
0000000000000000
0000000010200020
0000000000000000
0010101010102040
0000000000000000
0000000000000000
1000201000100020
0010102000000000
1000201000200040
0010102000000000
1000101010102010
2000202020201020
1010201000200040
0000000000000000
1000201000100020
0010102000000000
1000201000200040
0010402000000000
3000000000102020
3000000030000000
2000000000102020
1000300020003000
3000000000201010
3000000030000000
3000002000000000
3000200030001000
3000100010001000
3000100010001000
3000100010001030
0000000000000000