‚Ç‚è‚¢‚Þ‚Æ‚ê‚¢‚ñ,crotkaz,1:39,4,138,7010,dream.mp3,dreamnona.png,dreamnoma.png,dreamnofa.png,dreamtrainSEn.wav,dreamtrainSEm.wav,dreamtrainSEf.wav,dreambackn.png,dreambackm.png,dreambackf.png,dreamboard.png,dreamwindow.png
3000201000100020
0010102000000000
5000201000200040
0040202000000000
5020205000101050
0020200000000000
3010101010101010
1010302000000000
3010101010101010
3010304000000000
3010101010101010
1010302000000000
3010105000400060
0000000000000000
3010101010101010
1010302000000000
3010101010101060
0030102000000000
3010101010101010
1010302000000000
3010106000400050
0000000010300050
0000000000000000
0010101010103020
0000000000000000
0000000010300050
0000000000000000
0010101010103060
0000000000000000
0000000000000000
3000201000100020
0010102000000000
3000201000200030
0010203000000000
1000101010106010
2000202020205020
5030201000300050
0000000000000000
3000601000104020
0010502000004000
3000601000304020
0020503000004000
6000000000102020
6000000050000000
6000000000102020
3000500030006000
6000000000201010
6000000050000000
6000005000000000
6000300050003000
5020102010201020
5020502050205020
5060506050605030
0000000000000000